1.869407668063364780e-01
2.458638115139938907e-01
4.763215031375024333e-01
6.769323208409958603e-01
8.351257513397550847e-01
9.409892054603534728e-01
9.878891528098482366e-01
9.728867867079293852e-01
8.969221733212439096e-01
7.647553459953374544e-01
5.846680358836872093e-01
3.679447287886175588e-01
1.281655658118582841e-01
-1.196446044960347843e-01
-3.599577010793927334e-01
-5.777154184705715068e-01
-7.592727981840236007e-01
-8.932532381015125811e-01
-9.712613639398598453e-01
-9.884090934241788196e-01
-9.436219293575935918e-01
-8.397062888981060569e-01
-6.831736501097595005e-01
-4.838325349750989268e-01
-2.541738957003736310e-01
-8.588416741196586504e-03
2.375352226620472962e-01
4.687746214932038136e-01
6.706400430160726067e-01
8.304823589731279432e-01
9.382856590600300306e-01
9.872948598202034853e-01
9.744389862370378408e-01
9.005236026939190674e-01
7.701803353484507619e-01
5.915766489091497382e-01
3.759040635481912251e-01
1.366768808893119302e-01
-1.111146382624910445e-01
-3.519435815552501290e-01
-5.707193199507987202e-01
-7.537331045523552042e-01
-8.895170731730421831e-01
-9.695628402684611791e-01
-9.888546425304451937e-01
-9.461836326027227573e-01
-8.442236268991299974e-01
-6.893635610756765342e-01
-4.913071516965588637e-01
-2.624648497719689888e-01
-1.717618708478563239e-02
2.291887559864857205e-01
4.611924580498331094e-01
6.642972902162623816e-01
8.257764612779723290e-01
9.355114936360281463e-01
9.866262591840438967e-01
9.759178457026187470e-01
9.040572551619722175e-01
7.755473579375898874e-01
5.984407375779062788e-01
3.838351063076604341e-01
1.451779091337571104e-01
-1.025763091096229263e-01
-3.439029733899559571e-01
-5.636802668779203884e-01
-7.481366820391954775e-01
-8.857139597341197046e-01
-9.677913435312226476e-01
-9.892257665948902545e-01
-9.486741223920022170e-01
-8.486774253504202337e-01
-6.955015878620031122e-01
-4.987447907331917230e-01
-2.707360497193678217e-01
-2.576266468180965497e-02
2.208250396748131228e-01
4.535755834704652822e-01
6.579045398217825413e-01
8.210084124384305904e-01
9.326669179828140921e-01
9.858834012228505639e-01
9.773232537999635428e-01
9.075228647689920214e-01
7.808560098197864230e-01
6.052597852719772131e-01
3.917372601459345183e-01
1.536680107247850313e-01
-9.403025966524969359e-02
-3.358364817509171818e-01
-5.565987890384168635e-01
-7.424839518530447213e-01
-8.818441840218359529e-01
-9.659470070578708434e-01
-9.895224376852755910e-01
-9.510932112814971529e-01
-8.530673490418044791e-01
-7.015872684969978179e-01
-5.061448922993893040e-01
-2.789868730199288049e-01
-3.434720328060963251e-02
2.124447032128111978e-01
4.459245710306726784e-01
6.514622729758589026e-01
8.161785713163792755e-01
9.297521461942017673e-01
9.850663418469992605e-01
9.786551047525993141e-01
9.109201706797368514e-01
7.861058914452759838e-01
6.120332787633419036e-01
3.996099303162221617e-01
1.621465466643702003e-01
-8.547713313825247572e-02
-3.277447137536313448e-01
-5.494754194118209867e-01
-7.367753394403336875e-01
-8.779080372905440077e-01
-9.640299696603339408e-01
-9.897446334729825823e-01
-9.534407172011796217e-01
-8.573930675705714322e-01
-7.076201449486941852e-01
-5.135068994347592453e-01
-2.872166986846420023e-01
-4.292915677546140646e-02
2.040483773371589982e-01
4.382399965753702720e-01
6.449709745485214807e-01
8.112873014244247338e-01
9.267673976472393660e-01
9.841751425515530283e-01
9.799132983202499814e-01
9.142489171997646435e-01
7.912966076875722621e-01
6.187607082525699020e-01
4.074525242907816591e-01
1.706128788249593187e-01
-7.691757327016048029e-02
-3.196282784159916734e-01
-5.423106941306019557e-01
-7.310112744534117413e-01
-8.739058157899394219e-01
-9.620403756222928315e-01
-9.898923372346927207e-01
-9.557164634686344806e-01
-8.616542553663402160e-01
-7.135997631593761215e-01
-5.208302580460504316e-01
-2.954249073048536012e-01
-5.150787925520406568e-02
1.956366939879556066e-01
4.305224384754850475e-01
6.384311331001075729e-01
8.063349708985404485e-01
9.237128969856976957e-01
9.832098704116331023e-01
9.810977398063789323e-01
9.175088537946832767e-01
7.964277678732093468e-01
6.254415674071827080e-01
4.152644518055237932e-01
1.790663699975047207e-01
-6.835222428670086059e-02
-3.114877866124513561e-01
-5.351051524398147130e-01
-7.251921907181972937e-01
-8.698378207427568398e-01
-9.599783746883239210e-01
-9.899655378536471595e-01
-9.579202788023569726e-01
-8.658505917155633336e-01
-7.195256730797420230e-01
-5.281144169488344309e-01
-3.036108810988996098e-01
-6.008272505186320472e-02
1.872102862611682017e-01
4.227724775844206584e-01
6.318432408444897286e-01
8.013219524703599772e-01
9.205888741031619249e-01
9.821705980773697275e-01
9.822083400653197627e-01
9.206997351089997172e-01
8.014989858111367660e-01
6.320753533997666151e-01
4.230451249044364648e-01
1.875063839394200960e-01
-5.978173084931803077e-02
-3.033238510280532041e-01
-5.278593366565216272e-01
-7.193185262015403536e-01
-8.657043583221080141e-01
-9.578441220526279221e-01
-9.899642298204831548e-01
-9.600519973346440805e-01
-8.699817607856668022e-01
-7.253974287027998846e-01
-5.353588279090267799e-01
-3.117740039585916167e-01
-6.865304878923034204e-02
1.787697883609770944e-01
4.149906971943402301e-01
6.252077936120319368e-01
7.962486234391279449e-01
9.173955641257329763e-01
9.810574037684369753e-01
9.832450155089821342e-01
9.238213209845903551e-01
8.065098798217921194e-01
6.386615669458173272e-01
4.307939579838367394e-01
1.959322854224713750e-01
-5.120673800663026048e-02
-2.951370861122925571e-01
-5.205737921289647074e-01
-7.133907229782496806e-01
-8.615057396284322433e-01
-9.556377783473493093e-01
-9.898884132336478459e-01
-9.621114586240762101e-01
-8.740474516488148105e-01
-7.312145880974065815e-01
-5.425629456841112308e-01
-3.199136614955906954e-01
-7.721820543144765348e-02
1.703158355520432432e-01
4.071776829922659768e-01
6.185252908122685911e-01
7.911153656432889925e-01
9.141332073943198022e-01
9.798703712681621214e-01
9.842076881131448518e-01
9.268733764787758789e-01
8.114600727658265455e-01
6.451997123413167889e-01
4.385103678364394297e-01
2.043434402805738015e-01
-4.262789114591732098e-02
-2.869281080329058597e-01
-5.132490671955283190e-01
-7.074092271978240642e-01
-8.572422806660827677e-01
-9.533595096304863237e-01
-9.897380937993928152e-01
-9.640985076675994137e-01
-8.780473583053238773e-01
-7.369767134415491361e-01
-5.497262280641977972e-01
-3.280292410876503584e-01
-8.577755033155304298e-02
1.618490641116972772e-01
3.993340230160034032e-01
6.117962353963255495e-01
7.859225654317703036e-01
7.526388034152229345e-01
