2.036320439118806044e-02
2.039522905970410013e-02
2.042079301387253465e-02
2.043987189344651303e-02
2.045244756981532894e-02
2.045850817386817011e-02
2.045804811408567098e-02
2.045106808481874858e-02
2.043757506473658711e-02
2.041758230544816338e-02
2.039110931032418403e-02
2.035818180356856189e-02
2.031883168961092986e-02
2.027309700291360720e-02
2.022102184830832164e-02
2.016265633199922427e-02
2.009805648338997344e-02
2.002728416791312374e-02
1.995040699106012325e-02
1.986749819382982798e-02
1.977863653983227138e-02
1.968390619430255770e-02
1.958339659529747742e-02
1.947720231736393623e-02
1.936542292798430070e-02
1.924816283711890813e-02
1.912553114018002154e-02
1.899764145478480271e-02
1.886461175164722698e-02
1.872656417998000075e-02
1.858362488778798546e-02
1.843592383744366639e-02
1.828359461694356938e-02
1.812677424725141900e-02
1.796560298614002099e-02
1.780022412894852191e-02
1.763078380667573025e-02
1.745743078183265712e-02
1.728031624247915524e-02
1.709959359486988573e-02
1.691541825513430755e-02
1.672794744041363260e-02
1.653733995987489644e-02
1.634375600601851997e-02
1.614735694669076904e-02
1.594830511820674243e-02
1.574676361998264898e-02
1.554289611106825057e-02
1.533686660896170853e-02
1.512883929107937918e-02
1.491897829924269253e-02
1.470744754753291854e-02
1.449441053385257770e-02
1.428003015551949050e-02
1.406446852920595347e-02
1.384788681552142145e-02
1.363044504852237854e-02
1.341230197041778233e-02
1.319361487172277664e-02
1.297453943709707749e-02
1.275522959708786860e-02
1.253583738598012046e-02
1.231651280593992585e-02
1.209740369761897090e-02
1.187865561737057318e-02
1.166041172120986340e-02
1.144281265563269583e-02
1.122599645538998291e-02
1.101009844829602818e-02
1.079525116713160073e-02
1.058158426868456223e-02
1.036922445995320900e-02
1.015829543151991303e-02
9.948917798085403150e-03
9.741209046136969918e-03
9.535283488707125416e-03
9.331252227162984553e-03
9.129223119950497997e-03
8.929300758202255578e-03
8.731586448102323858e-03
8.536178199887034176e-03
8.343170723346464770e-03
8.152655429677817603e-03
7.964720439528802029e-03
7.779450597056763658e-03
7.596927489817426916e-03
7.417229474285902228e-03
7.240431706802082437e-03
7.066606179722594895e-03
6.895821762552272957e-03
6.728144247819517650e-03
6.563636401452059392e-03
6.402358017402447025e-03
6.244365976266107003e-03
6.089714307629030300e-03
5.938454255877089610e-03
5.790634349194574530e-03
5.646300471475919867e-03
5.505495936871558638e-03
5.368261566686608269e-03
5.234635768349458346e-03
5.104654616166427045e-03
4.978351933578406205e-03
4.855759376635792289e-03
4.736906518409086421e-03
4.621820934054199879e-03
4.510528286253833764e-03
4.403052410759178588e-03
4.299415401759711444e-03
4.199637696812912047e-03
4.103738161070369719e-03
4.011734170541909894e-03
3.923641694145069830e-03
3.839475374293434533e-03
3.759248605784021226e-03
3.682973612751080320e-03
3.610661523461212129e-03
3.542322442732761568e-03
3.477965521770853049e-03
3.417599025218245358e-03
3.361230395231343954e-03
3.308866312400256422e-03
3.260512753341583258e-03
3.216175044802820678e-03
3.175857914127656629e-03
3.139565535942154349e-03
3.107301574932752261e-03
3.079069224598168005e-03
3.054871241868662053e-03
3.034709977497658789e-03
3.018587402142440968e-03
3.006505128062465174e-03
2.998464426375834543e-03
2.994466239826523973e-03
2.994511191027109109e-03
2.998599586153968474e-03
3.006731414084169197e-03
3.018906340975532551e-03
3.035123700303643014e-03
3.055382478381825622e-03
3.079681295402312766e-03
3.108018382049004998e-03
3.140391551744268085e-03
3.176798168604218469e-03
3.217235111188758868e-03
3.261698732144379786e-03
3.310184813849243943e-03
3.362688520181471644e-03
3.419204344542685955e-03
3.479726054279804436e-03
3.544246631658781298e-03
3.612758211554400502e-03
3.685252016030367110e-03
3.761718285993773635e-03
3.842146210117521315e-03
3.926523851233411355e-03
4.014838070407411412e-03
4.107074448916991742e-03
4.203217208358387379e-03
4.303249129119199150e-03
4.407151467458823163e-03
4.514903871445825022e-03
4.626484296007495577e-03
4.741868917352440316e-03
4.861032047032125096e-03
4.983946045911864103e-03
5.110581238325659879e-03
5.240905826692743470e-03
5.374885806876390608e-03
5.512484884567818086e-03
5.653664392979450282e-03
5.798383212132790336e-03
5.946597690026327390e-03
6.098261565968535712e-03
6.253325896359859283e-03
6.411738983205833749e-03
6.573446305640978822e-03
6.738390454739927489e-03
6.906511071888347432e-03
7.077744790981613070e-03
7.252025184713881828e-03
7.429282715214185345e-03
7.609444689279439011e-03
7.792435218446779228e-03
7.978175184139580864e-03
8.166582208112588281e-03
8.357570628412141697e-03
8.551051481057262219e-03
8.746932487636506492e-03
8.945118049004056188e-03
9.145509245246348853e-03
9.348003842077831638e-03
9.552496303811197284e-03
9.758877813033479953e-03
9.967036297105122053e-03
1.017685646158409882e-02
1.038821983066189406e-02
1.060100479468230154e-02
1.081508666479772188e-02
1.103033773480112563e-02
1.124662735015481349e-02
1.146382198421995631e-02
1.168178532167334603e-02
1.190037834908010822e-02
1.211945945257324360e-02
1.233888452257289950e-02
1.255850706546014599e-02
1.277817832210194696e-02
1.299774739310596838e-02
1.321706137066580057e-02
1.343596547683924974e-02
1.365430320808472264e-02
1.387191648586310472e-02
1.408864581309534660e-02
1.430433043624906170e-02
1.451880851281085912e-02
1.473191728388502375e-02
1.494349325164352066e-02
1.515337236133715466e-02
1.536139018756315505e-02
1.556738212447053224e-02
1.577118357957128444e-02
1.597263017081293132e-02
1.617155792655610227e-02
1.636780348808981878e-02
1.656120431430701395e-02
1.675159888815341142e-02
1.693882692445465230e-02
1.712272957871888157e-02
1.730314965650573897e-02
1.747993182294698897e-02
1.765292281199980565e-02
1.782197163501001574e-02
1.798692978816057719e-02
1.814765145837895360e-02
1.830399372727715968e-02
1.845581677269899148e-02
1.860298406745106853e-02
1.874536257479740217e-02
1.888282294030156627e-02
1.901523967960577766e-02
1.914249136174276181e-02
1.926446078758378005e-02
1.938103516303483695e-02
1.949210626660278015e-02
1.959757061096370490e-02
1.969732959817780543e-02
1.979128966820755189e-02
1.987936244040968900e-02
1.996146484768617987e-02
2.003751926299456379e-02
2.010745361793469729e-02
2.017120151314563334e-02
2.022870232026455911e-02
2.027990127521791044e-02
2.032474956263424434e-02
