6.853267126731052428e-02
6.974043839300356207e-02
7.068392782330693014e-02
7.135277740389336931e-02
7.173997808570546642e-02
7.184200260701678609e-02
7.165885838090009508e-02
7.119406349874762840e-02
7.045454717224147734e-02
6.945047828055453398e-02
6.819502787446869718e-02
6.670407343006913570e-02
6.499585426868872973e-02
6.309058880845057338e-02
6.101006514484216825e-02
5.877721685077145347e-02
5.641569583752336497e-02
5.394945364324402193e-02
5.140234164944219863e-02
4.879773951904295415e-02
4.615821966564784273e-02
4.350525387675140826e-02
4.085896640387436801e-02
3.823793598228221458e-02
3.565904743277543282e-02
3.313739180298656828e-02
3.068621249168732371e-02
2.831689352086544376e-02
2.603898511672852675e-02
2.386026105675749173e-02
2.178680184381473137e-02
1.982309767267357095e-02
1.797216533707716307e-02
1.623567365165343862e-02
1.461407258748305057e-02
1.310672209024581203e-02
1.171201740893987146e-02
1.042750865369323522e-02
9.250013168188599838e-03
8.175720096232755307e-03
7.200287201645144686e-03
6.318930534647281688e-03
5.526507906492259675e-03
4.817597329446652969e-03
4.186571605648854895e-03
3.627670121161059857e-03
3.135068645681881629e-03
2.702947586469679059e-03
2.325558734782071264e-03
1.997290114777598973e-03
1.712728138268744277e-03
1.466715920908616888e-03
1.254406357893888147e-03
1.071308414225246967e-03
9.133250712342735672e-04
7.767814929241333025e-04
6.584422281201460052e-04
5.555166333265570359e-04
4.656521638296402224e-04
3.869157073146541038e-04
3.177636905022911823e-04
2.570022379193890412e-04
2.037391656923828915e-04
1.573300174103691666e-04
1.173206636208025785e-04
8.338916813247567198e-05
5.528965807917106368e-05
3.280081507693193054e-05
1.568133600681024002e-05
3.634307768365838923e-06
-3.718076676004210301e-06
-6.848633599130400267e-06
-6.327955252595077182e-06
-2.816304450746781392e-06
2.954261040015531142e-06
1.020587539543751092e-05
1.814684953898509717e-05
2.600721618918325808e-05
3.307522307749186048e-05
3.873214828376462219e-05
4.248295870354706162e-05
4.398063144646764634e-05
4.304238973682209863e-05
3.965664266684748812e-05
3.398002838306374523e-05
2.632460491677241524e-05
1.713587172825595012e-05
6.962898328485311487e-06
-3.577652855577309537e-06
-1.384142565378408054e-05
-2.319774994813258117e-05
-3.106995774737476547e-05
-3.697214927034087045e-05
-4.054013799901152505e-05
-4.155466238123045418e-05
-3.995543142435279175e-05
-3.584514162606971768e-05
-2.948322767554850779e-05
-2.126974984888205884e-05
-1.172043678329776064e-05
-1.434454673752649331e-06
8.943071792143880548e-06
1.876143378769068963e-05
2.740507455829001881e-05
3.433213215358770404e-05
3.910837139959791033e-05
4.143437722713566053e-05
4.116430410302832993e-05
3.831500571177590250e-05
3.306497205151226069e-05
2.574313996720582889e-05
1.680827782533199710e-05
6.820235776655941164e-06
-3.595137152334951750e-06
-1.378521099215519064e-05
-2.311147048686065537e-05
-3.098952600982746240e-05
-3.692573268589915790e-05
-4.054812318042149587e-05
-4.162971591279782525e-05
-4.010273820578597899e-05
-3.606287315425232577e-05
-2.976326411647592238e-05
-2.159865252607401240e-05
-1.208064297713994969e-05
-1.805645508363867391e-06
8.582496134434603442e-06
1.843284849628755635e-05
2.712817666602626183e-05
3.412362094174025106e-05
3.898083838131452257e-05
4.139546988658948299e-05
4.121621169984812855e-05
3.845429626889026808e-05
3.328278839726301242e-05
2.602574078238054526e-05
1.713788846676175213e-05
7.176154570076253460e-06
-3.235247216141683335e-06
-1.344392665578623288e-05
-2.281019659124330489e-05
-3.074715660351132960e-05
-3.675746902913206197e-05
-4.046452291783025012e-05
-4.163603317740399273e-05
-4.019859617824291919e-05
-3.624228977622841983e-05
-3.001502955090983157e-05
-2.190703495588936122e-05
-1.242637881877540294e-05
-2.167152376072974658e-06
8.227759226793189104e-06
1.810695829336297292e-05
2.685134852838503381e-05
3.391292389774078615e-05
3.884910154197300454e-05
4.135044702785028569e-05
4.126005417299757113e-05
3.858336449972857692e-05
3.348781030203517992e-05
2.629230281131409756e-05
1.744722307179478112e-05
7.506168022082531990e-06
-2.908779354429384999e-06
-1.314608145865280881e-05
-2.256563553083619720e-05
-3.057896153074011770e-05
-3.668617321802945938e-05
-4.050741921949879975e-05
-4.180682784724068865e-05
-4.050745961575858263e-05
-3.669633530874109563e-05
-3.061922969791253856e-05
-2.266556257901037211e-05
-1.334433940088322842e-05
-3.252654455815479130e-06
6.961264860510018615e-06
1.663815311681836678e-05
2.514842651453284969e-05
3.193097568107803875e-05
3.652760425736700030e-05
3.861096345673671170e-05
3.800424654288693321e-05
3.469143160638580751e-05
2.881746361724701880e-05
2.067841013817942468e-05
1.070226941839819340e-05
-5.782850613464551657e-07
-1.255941060863691787e-05
-2.460361910399837121e-05
-3.607880086690410054e-05
-4.639609838448283970e-05
-5.504400742417751440e-05
-6.161626903985944277e-05
-6.583144839705241242e-05
-6.754255435171421600e-05
-6.673560881521302336e-05
-6.351669278423872824e-05
-5.808763852545822368e-05
-5.071116558087475888e-05
-4.166683408265292468e-05
-3.119967811202245723e-05
-1.946375615152532874e-05
-6.463094374924818660e-06
8.007410125139249646e-06
2.441861708175293002e-05
4.355899229242641462e-05
6.657969307082585561e-05
9.503132828680163841e-05
1.308913229274740451e-04
1.765813406888938804e-04
2.349747359046569452e-04
3.093944809714953780e-04
4.036024133516958917e-04
5.217809387579952843e-04
6.685084933535015558e-04
8.487300959357823357e-04
1.067724209427399831e-03
1.331066888309664865e-03
1.644593833756912218e-03
2.014360539093263715e-03
2.446600220209691791e-03
2.947678729470010889e-03
3.524045190883471745e-03
4.182176712360778127e-03
4.928515268182561727e-03
5.769394736122669502e-03
6.710956145413555021e-03
7.759049459935469552e-03
8.919120689708067568e-03
1.019608378417311001e-02
1.159417759111181986e-02
1.311680913122854376e-02
1.476638549538774291e-02
1.654413776527731417e-02
1.844994142875580265e-02
2.048213874512756424e-02
2.263736935023717700e-02
2.491041601762154431e-02
2.729407285835822733e-02
2.977904330752279005e-02
3.235387498129347478e-02
3.500493788292249886e-02
3.771645149178158574e-02
4.047056500827510978e-02
4.324749348603107446e-02
4.602571081424104704e-02
4.878219858342176113e-02
5.149274785376474484e-02
5.413230883020708761e-02
5.667538151914607719e-02
5.909643868415126455e-02
6.137037091285023338e-02
6.347294242610322657e-02
6.538124546274806659e-02
6.707414070207294576e-02
