4.668867228305475375e-02
4.707098739182731528e-02
4.737362530538839073e-02
4.759509541118012166e-02
4.773432515899386080e-02
4.779066874606251181e-02
4.776391210360013406e-02
4.765427413095980197e-02
4.746240416937095447e-02
4.718937575303151083e-02
4.683667672044646707e-02
4.640619581261819920e-02
4.590020592632788887e-02
4.532134422966781206e-02
4.467258938260954687e-02
4.395723613720758927e-02
4.317886761959765368e-02
4.234132561889238783e-02
4.144867922612785471e-02
4.050519217938691047e-02
3.951528927902562410e-02
3.848352223955377183e-02
3.741453534225702704e-02
3.631303124526836373e-02
3.518373729575091646e-02
3.403137267246811315e-02
3.286061666667772219e-02
3.167607838543666510e-02
3.048226813453080650e-02
2.928357070886876759e-02
2.808422078684469705e-02
2.688828059243655866e-02
2.569961995521969494e-02
2.452189886458577134e-02
2.335855258079157226e-02
2.221277933251879916e-02
2.108753059886725456e-02
1.998550394354951451e-02
1.890913834087658632e-02
1.786061190724002115e-02
1.684184192847025530e-02
1.585448705288935306e-02
1.489995150222825707e-02
1.397939113793502178e-02
1.309372120879859908e-02
1.224362559723638291e-02
1.142956737597833339e-02
1.065180048411709657e-02
9.910382331433140179e-03
9.205187142363921091e-03
8.535919855754367860e-03
7.902130403368561040e-03
7.303228198807501861e-03
6.738496678702797157e-03
6.207107749572203688e-03
5.708136006261294373e-03
5.240572601191242387e-03
4.803338657429642722e-03
4.395298132655972752e-03
4.015270055177991987e-03
3.662040067061012212e-03
3.334371222970406497e-03
3.031014006332970016e-03
2.750715536752496113e-03
2.492227954150491327e-03
2.254315975749759862e-03
2.035763631705223616e-03
1.835380193863993606e-03
1.652005319777710398e-03
1.484513440686516380e-03
1.331817427755526643e-03
1.192871575397025678e-03
1.066673944094268444e-03
9.522681078067072842e-04
8.487443528421839819e-04
7.552403760967844795e-04
6.709415308606395036e-04
5.950806680441901716e-04
5.269376197721066827e-04
4.658383708988404434e-04
4.111539621969280758e-04
3.622991668301975060e-04
3.187309793188069628e-04
2.799469535970191040e-04
2.454834240181362568e-04
2.149136403290522401e-04
1.878458447686731875e-04
1.639213165835584456e-04
1.428124064383503699e-04
1.242205804601932034e-04
1.078744910223822636e-04
9.352808886494406581e-05
8.095878878611524772e-05
6.996569893189391327e-05
6.036792167026433292e-05
5.200293216816133309e-05
4.472503909547895267e-05
3.840393036145431751e-05
3.292330544221201276e-05
2.817959467971602937e-05
2.408076491566155201e-05
2.054520996127275081e-05
1.750072368664249794e-05
1.488355293124384780e-05
1.263752697987469985e-05
1.071326000432064915e-05
9.067422628839391993e-06
7.662078625434314184e-06
6.464082671090229342e-06
5.444535092215538497e-06
4.578289570404727514e-06
3.843509877807365403e-06
3.221271840089462240e-06
2.695206881273516594e-06
2.251183679671362467e-06
1.877024650735556253e-06
1.562254165083544048e-06
1.297875603418427086e-06
1.076174540878195222e-06
8.905455388126025443e-07
7.353402003785830729e-07
6.057343167659076763e-07
4.976120931334228721e-07
4.074655978452974805e-07
3.323077261647697182e-07
2.695971112856094324e-07
2.171735526895047500e-07
1.732026655473675615e-07
1.361285863667979510e-07
1.046337002697265837e-07
7.760448485882647157e-08
5.410269501715466399e-08
3.334124232483678285e-08
1.466425196346671368e-08
-2.469091288297333452e-09
-1.849716851056116668e-08
-3.376515757918301608e-08
-4.853087884797449759e-08
-6.296714207886171503e-08
-7.716036038805498237e-08
-9.110507798339799467e-08
-1.046939405728955432e-07
-1.177025194956671577e-07
-1.297682814457139394e-07
-1.403628733495295355e-07
-1.487567644453285025e-07
-1.539751526066834007e-07
-1.547438970675571999e-07
-1.494240825797926311e-07
-1.359336484839719399e-07
-1.116543283446055877e-07
-7.332194031837634558e-08
-1.689784454953335044e-08
6.258085835062371406e-08
1.711750733623169627e-07
3.162443624864278066e-07
5.066777501427137479e-07
7.531582273679728469e-07
1.068464799118727038e-06
1.467816215341055492e-06
1.969260812251252498e-06
2.594117156957914058e-06
3.367470426642635031e-06
4.318729652588368814e-06
5.482251108171704697e-06
6.898033206573482206e-06
8.612488285861198602e-06
1.067929658321618607e-05
1.316034752301090019e-05
1.612677315154550280e-05
1.966007813079983553e-05
2.385337014089713989e-05
2.881269382272752010e-05
3.465847050544902013e-05
4.152704489622246564e-05
4.957233865043638707e-05
5.896760928012141791e-05
6.990731118830118137e-05
8.260905373196609602e-05
9.731564911319194806e-05
1.142972405769083637e-04
1.338534988590247209e-04
1.563158720885166324e-04
1.820498714151371703e-04
2.114573715296951570e-04
2.449789019915128100e-04
2.830959019095155766e-04
3.263329070782076632e-04
3.752596351936231972e-04
4.304929313207336784e-04
4.926985324136612995e-04
5.625926064715347725e-04
6.409430189208390090e-04
7.285702761306927459e-04
8.263480936769101656e-04
9.352035351643279027e-04
1.056116666187755524e-03
1.190119667454156514e-03
1.338295351295593072e-03
1.501775026864513116e-03
1.681735661305411647e-03
1.879396287217563943e-03
2.096013610830158892e-03
2.332876780558985289e-03
2.591301282042967388e-03
2.872621933391869119e-03
3.178184963216100327e-03
3.509339164036387546e-03
3.867426124841907842e-03
4.253769558811633378e-03
4.669663755439905188e-03
5.116361200391203456e-03
5.595059421200829740e-03
6.106887132261115333e-03
6.652889768184029780e-03
7.234014510383926511e-03
7.851094927329735004e-03
8.504835364106688028e-03
9.195795231420717322e-03
9.924373357680340429e-03
1.069079258000126334e-02
1.149508476059790500e-02
1.233707642375805012e-02
1.321637521515853578e-02
1.413235738940481732e-02
1.508415653312423013e-02
1.607065372950074525e-02
1.709046936563433580e-02
1.814195677641040894e-02
1.922319790759163469e-02
2.033200116656790415e-02
2.146590161164792232e-02
2.262216361003756629e-02
2.379778607087654901e-02
2.498951033310982048e-02
2.619383075883011114e-02
2.740700805137918569e-02
2.862508528433102897e-02
2.984390659294570286e-02
3.105913844426894457e-02
3.226629336628928507e-02
3.346075598101073967e-02
3.463781115153394957e-02
3.579267401985102709e-02
3.692052168063581635e-02
3.801652620742562716e-02
3.907588872179051931e-02
4.009387417388445007e-02
4.106584648463092180e-02
4.198730368612048347e-02
4.285391268792319158e-02
4.366154329320692112e-02
4.440630108997620229e-02
4.508455884949371523e-02
4.569298607601008505e-02
4.622857636920663787e-02
