3.771098820747932623e-02
3.791330528790351484e-02
3.807403878578227013e-02
3.819267085146904606e-02
3.826882336108493321e-02
3.830225992711522309e-02
3.829288712068198985e-02
3.824075489665001992e-02
3.814605621894655990e-02
3.800912588971825518e-02
3.783043859214824806e-02
3.761060616285164665e-02
3.735037411569648580e-02
3.705061744460277223e-02
3.671233573829671415e-02
3.633664764509042522e-02
3.592478473046941539e-02
3.547808477455817455e-02
3.499798456035990712e-02
3.448601220699643727e-02
3.394377910498188461e-02
3.337297151282801050e-02
3.277534187598527687e-02
3.215269993026382417e-02
3.150690365245056856e-02
3.083985012084732719e-02
3.015346634791049585e-02
2.944970014609216841e-02
2.873051108638754320e-02
2.799786160701137408e-02
2.725370832708894769e-02
2.649999361729080821e-02
2.573863747600526816e-02
2.497152975597129870e-02
2.420052278233241275e-02
2.342742439886721928e-02
2.265399147475239197e-02
2.188192389966910761e-02
2.111285909042310768e-02
2.034836702756062307e-02
1.958994583577484266e-02
1.883901791725667296e-02
1.809692664259259995e-02
1.736493359939318346e-02
1.664421639458600957e-02
1.593586700226158268e-02
1.524089064515140451e-02
1.456020519427101562e-02
1.389464106800102593e-02
1.324494160892532128e-02
1.261176391411240709e-02
1.199568009222469478e-02
1.139717891887793988e-02
1.081666786005200560e-02
1.025447543207361548e-02
9.710853865747222369e-03
9.185982041593609287e-03
8.679968662856044070e-03
8.192855632937170313e-03
7.724621604219411575e-03
7.275185665779423765e-03
6.844411138312055283e-03
6.432109445609874611e-03
6.038044033177224212e-03
5.661934305969194836e-03
5.303459558811471006e-03
4.962262874752172009e-03
4.637954968397178107e-03
4.330117953162018578e-03
4.038309013312933564e-03
3.762063963644768534e-03
3.500900681632588413e-03
3.254322398877397722e-03
3.021820840625365039e-03
2.802879204057622670e-03
2.596974967908434115e-03
2.403582527759800733e-03
2.222175653068239089e-03
2.052229763594472841e-03
1.893224024420547174e-03
1.744643260144697816e-03
1.605979690137071623e-03
1.476734487915564885e-03
1.356419168758674553e-03
1.244556810610683789e-03
1.140683114154502666e-03
1.044347308630924143e-03
9.551129105729345850e-04
8.725583431039693385e-04
7.962774238243594711e-04
7.258797295861656998e-04
6.609908466391381087e-04
6.012525147261930198e-04
5.463226737223812876e-04
4.958754213539092338e-04
4.496008904105713703e-04
4.072050536831985134e-04
3.684094646246143250e-04
3.329509414551962880e-04
3.005812021193327867e-04
2.710664571534733168e-04
2.441869671564099410e-04
2.197365711638752273e-04
1.975221918280872389e-04
1.773633228937065802e-04
1.590915040495577198e-04
1.425497878247356583e-04
1.275922027922641764e-04
1.140832169467427142e-04
1.018972047374439483e-04
9.091792086769913536e-05
8.103798361733810930e-05
7.215837010924049219e-05
6.418792562515298272e-05
5.704288878093432072e-05
5.064643409808833617e-05
4.492823325732547010e-05
3.982403609117487922e-05
3.527527216633247745e-05
3.122867362223435446e-05
2.763591976986028986e-05
2.445330381339486336e-05
2.164142193635706078e-05
1.916488489227489769e-05
1.699205215694643141e-05
1.509478863371609906e-05
1.344824385385358389e-05
1.203065357983756918e-05
1.082316369885254481e-05
9.809676285796886606e-06
8.976717718234323264e-06
8.313328738631541357e-06
7.810976380523225511e-06
7.463487703524815430e-06
7.267005315949909287e-06
7.219964701746271681e-06
7.323093409091581568e-06
7.579432199823925284e-06
7.994378300446781626e-06
8.575750935254850736e-06
9.333879358674510533e-06
1.028171363568795992e-05
1.143495844468996786e-05
1.281223019477942189e-05
1.443523775777884250e-05
1.632898711266809438e-05
1.852201018508510549e-05
2.104661813557189763e-05
2.393917930583962486e-05
2.724042197103796939e-05
3.099576196643998710e-05
3.525565515775715440e-05
4.007597460423018996e-05
4.551841212155313844e-05
5.165090378656392105e-05
5.854807873660815119e-05
6.629173040286798181e-05
7.497130907826317066e-05
8.468443445653246759e-05
9.553742648981034978e-05
1.076458525977423968e-04
1.211350889225764943e-04
1.361408929627245775e-04
1.528099845333973062e-04
1.713006315988703347e-04
1.917832370989832724e-04
2.144409224553000387e-04
2.394701029931499609e-04
2.670810500581931183e-04
2.974984341443875848e-04
3.309618428889570950e-04
3.677262673343461435e-04
4.080625494128759228e-04
4.522577831830187803e-04
5.006156619434731694e-04
5.534567629795300548e-04
6.111187613629194462e-04
6.739565639390579640e-04
7.423423544022476764e-04
8.166655401879535604e-04
8.973325918098799987e-04
9.847667652462647764e-04
1.079407698042523416e-03
1.181710869953785320e-03
1.292146919208268189e-03
1.411200805837621716e-03
1.539370813999499724e-03
1.677167385816056211e-03
1.825111779974277577e-03
1.983734549183437459e-03
2.153573831563741249e-03
2.335173452149261024e-03
2.529080831926978218e-03
2.735844703200075289e-03
2.956012631553652740e-03
3.190128346309314966e-03
3.438728883074119308e-03
3.702341543809970197e-03
3.981480681760476113e-03
4.276644320560446695e-03
4.588310618903612345e-03
4.916934194239976942e-03
5.262942321096797209e-03
5.626731021746276054e-03
6.008661069056931391e-03
6.409053923441000375e-03
6.828187627823010912e-03
7.266292686479471075e-03
7.723547955410773810e-03
8.200076573577543687e-03
8.695941965838565810e-03
9.211143949740097092e-03
9.745614979401346148e-03
1.029921656059386813e-02
1.087173587170038765e-02
1.146288262553990522e-02
1.207228620704143066e-02
1.269949312142172430e-02
1.334396478685866486e-02
1.400507570464077506e-02
1.468211203840717911e-02
1.537427063236733796e-02
1.608065849630621255e-02
1.680029278274248680e-02
1.753210127882364952e-02
1.827492343242461542e-02
1.902751192848415804e-02
1.978853482788655443e-02
2.055657827720084457e-02
2.133014979335732739e-02
2.210768212290344786e-02
2.288753767087791866e-02
2.366801348961266108e-02
2.444734681296152970e-02
2.522372111660919208e-02
2.599527268028091129e-02
2.676009762290487357e-02
2.751625937712346565e-02
2.826179656505968876e-02
2.899473123297055185e-02
2.971307739841031956e-02
3.041484985983143596e-02
3.109807321521485673e-02
3.176079103338820542e-02
3.240107511919831929e-02
3.301703481169004917e-02
3.360682625293597708e-02
3.416866156418815748e-02
3.470081786560240411e-02
3.520164607593280481e-02
3.566957942931687359e-02
3.610314164757164740e-02
3.650095470829357175e-02
3.686174615148862105e-02
3.718435587043616986e-02
3.746774233598672982e-02
