3.248892644328828239e-02
3.261859968280571287e-02
3.272179985479334308e-02
3.279827967957859441e-02
3.284785734364432247e-02
3.287041722028459512e-02
3.286591031888744241e-02
3.283435446040139372e-02
3.277583417811747585e-02
3.269050034447856801e-02
3.257856952620200724e-02
3.244032307155735734e-02
3.227610593516813675e-02
3.208632524719249451e-02
3.187144863517291093e-02
3.163200230821820030e-02
3.136856891448323859e-02
3.108178518413303587e-02
3.077233937111030146e-02
3.044096850806161589e-02
3.008845548970966524e-02
2.971562600078244201e-02
2.932334530531962094e-02
2.891251491476743568e-02
2.848406915274369344e-02
2.803897163470212353e-02
2.757821168094896913e-02
2.710280068156504726e-02
2.661376843176433554e-02
2.611215945607798031e-02
2.559902933949289097e-02
2.507544108330171662e-02
2.454246150293978510e-02
2.400115768450099968e-02
2.345259351594447539e-02
2.289782630823418083e-02
2.233790352080250105e-02
2.177385960480336669e-02
2.120671297663013349e-02
2.063746313312633460e-02
2.006708791882284848e-02
1.949654095440224791e-02
1.892674923442911467e-02
1.835861090120336978e-02
1.779299320040146626e-02
1.723073062297604194e-02
1.667262323659766954e-02
1.611943520875079236e-02
1.557189352244769086e-02
1.503068688440721730e-02
1.449646482446598737e-02
1.396983698395522916e-02
1.345137258979268481e-02
1.294160011011094048e-02
1.244100708637624168e-02
1.195004013614907497e-02
1.146910511990315712e-02
1.099856746465539305e-02
1.053875263656812479e-02
1.008994675416780007e-02
9.652397333381754554e-03
9.226314155227370237e-03
8.811870246694695347e-03
8.409202965143745476e-03
8.018415176389561902e-03
7.639576516569400455e-03
7.272724727874705329e-03
6.917867058282766921e-03
6.574981715535741476e-03
6.244019365784400123e-03
5.924904667536606655e-03
5.617537831821839411e-03
5.321796199798780984e-03
5.037535829388584824e-03
4.764593082907266249e-03
4.502786208092155427e-03
4.251916905364929410e-03
4.011771874642702795e-03
3.782124335494644208e-03
3.562735514940115755e-03
3.353356097691215839e-03
3.153727634153787474e-03
2.963583902012554162e-03
2.782652217734446400e-03
2.610654694826004037e-03
2.447309446172810012e-03
2.292331728268425482e-03
2.145435025604597225e-03
2.006332073941367346e-03
1.874735821603040796e-03
1.750360328352078233e-03
1.632921601776406552e-03
1.522138371485180428e-03
1.417732801742826532e-03
1.319431143480533260e-03
1.226964326907879549e-03
1.140068496204787920e-03
1.058485488005522345e-03
9.819632555922504658e-04
9.102562408961870251e-04
8.431256965601262180e-04
7.803399604479900305e-04
7.216746850957448398e-04
6.669130246846628318e-04
6.158457821834977235e-04
5.682715193518718053e-04
5.239966323242564207e-04
4.828353955036255988e-04
4.446099764874752959e-04
4.091504247277240715e-04
3.762946365913603540e-04
3.458882994418590370e-04
3.177848173036348098e-04
2.918452206043462005e-04
2.679380624139160580e-04
2.459393035158082756e-04
2.257321885564734674e-04
2.072071154239501524e-04
1.902614999073096397e-04
1.747996375858177243e-04
1.607325647911283270e-04
1.479779203782125095e-04
1.364598099316757253e-04
1.261086739241518281e-04
1.168611612330316236e-04
1.086600093112580022e-04
1.014539321975864086e-04
9.519751744179102417e-05
8.985113291094164265e-05
8.538084433416963707e-05
8.175834433531044005e-05
7.896089359542760977e-05
7.697127468041614043e-05
7.577775896253493920e-05
7.537408695868427224e-05
7.575946230234593178e-05
7.693855946015149233e-05
7.892154519783067357e-05
8.172411369360824455e-05
8.536753508976198000e-05
8.987871716482986417e-05
9.529027969969095684e-05
1.016406410002938690e-04
1.089741159280575221e-04
1.173410246758516942e-04
1.267978114129568977e-04
1.374071718065394889e-04
1.492381883100522811e-04
1.623664719907475353e-04
1.768743095493982001e-04
1.928508140656816166e-04
2.103920778828725696e-04
2.296013259260000960e-04
2.505890676290014208e-04
2.734732455293100882e-04
2.983793784734730856e-04
3.254406972656360454e-04
3.547982704829659136e-04
3.866011180792969172e-04
4.210063103015535230e-04
4.581790493539761116e-04
4.982927311640524860e-04
5.415289845326293552e-04
5.880776848902542113e-04
6.381369398337568026e-04
6.919130435828046294e-04
7.496203974770873722e-04
8.114813936323090043e-04
8.777262588886980280e-04
9.485928562206782889e-04
1.024326440832001427e-03
1.105179368238308306e-03
1.191410751739950405e-03
1.283286066813078743e-03
1.381076700097452412e-03
1.485059440836001762e-03
1.595515912824567494e-03
1.712731945160966959e-03
1.836996880340888757e-03
1.968602818534244143e-03
2.107843797189338283e-03
2.255014905453228084e-03
2.410411333264255492e-03
2.574327355366104117e-03
2.747055250910611281e-03
2.928884159757516332e-03
3.120098877041561306e-03
3.320978588058770119e-03
3.531795546021990109e-03
3.752813695748117347e-03
3.984287246862961915e-03
4.226459200641067247e-03
4.479559835133530184e-03
4.743805153773095196e-03
5.019395303178572805e-03
5.306512966405569492e-03
5.605321738403334052e-03
5.915964490933506639e-03
6.238561734681006242e-03
6.573209986735478044e-03
6.919980152038634341e-03
7.278915927773830369e-03
7.650032240014264726e-03
8.033313722240729288e-03
8.428713245584223968e-03
8.836150510838566841e-03
9.255510712419237965e-03
9.686643284513237612e-03
1.012936073966714222e-02
1.058343760999373197e-02
1.104860950103877908e-02
1.152457226813654277e-02
1.201098132479374615e-02
1.250745109227586159e-02
1.301355459912609952e-02
1.352882323882659277e-02
1.405274669321362156e-02
1.458477302858576623e-02
1.512430897069776820e-02
1.567072036401633700e-02
1.622333281973076594e-02
1.678143255606513382e-02
1.734426743343497890e-02
1.791104818593521053e-02
1.848094984954382763e-02
1.905311338628432397e-02
1.962664750241616823e-02
2.020063065752497264e-02
2.077411326017012533e-02
2.134612004452681247e-02
2.191565262123999769e-02
2.248169219449953557e-02
2.304320243615758101e-02
2.359913250655110498e-02
2.414842021057336113e-02
2.468999527646763975e-02
2.522278274380417018e-02
2.574570644615518586e-02
2.625769257311288268e-02
2.675767329550815879e-02
2.724459043699237193e-02
2.771739917454709573e-02
2.817507174999399691e-02
2.861660117419452531e-02
2.904100490536144427e-02
2.944732848275578851e-02
2.983464909701608048e-02
3.020207907846401280e-02
3.054876928495315822e-02
3.087391237117462564e-02
3.117674592180502691e-02
3.145655543147546362e-02
3.171267711525252442e-02
3.194450053414926716e-02
3.215147102112100863e-02
3.233309189404101613e-02
