2.896992142222589925e-02
2.906199148558188949e-02
2.913534046340261752e-02
2.918982842168443489e-02
2.922535205625729354e-02
2.924184501927051816e-02
2.923927812566567280e-02
2.921765943873725485e-02
2.917703423443243280e-02
2.911748484459353303e-02
2.903913037989800869e-02
2.894212633379697822e-02
2.882666406929190739e-02
2.869297019091664874e-02
2.854130580480555152e-02
2.837196567022498561e-02
2.818527724642238760e-02
2.798159963910127127e-02
2.776132245125999959e-02
2.752486454353401252e-02
2.727267270955377465e-02
2.700522027217156645e-02
2.672300560671824615e-02
2.642655059772406473e-02
2.611639903577493010e-02
2.579311496137570367e-02
2.545728096285452755e-02
2.510949643546658144e-02
2.475037580894121417e-02
2.438054675076368333e-02
2.400064835249177131e-02
2.361132930637842645e-02
2.321324607950587399e-02
2.280706109253441416e-02
2.239344091003210926e-02
2.197305444918093431e-02
2.154657121345232573e-02
2.111465955761202343e-02
2.067798499015290059e-02
2.023720851896670253e-02
1.979298504575402462e-02
1.934596181433800161e-02
1.889677691769440018e-02
1.844605786814049880e-02
1.799442023474082802e-02
1.754246635159130430e-02
1.709078410023757641e-02
1.663994576907084494e-02
1.619050699212766509e-02
1.574300576930177595e-02
1.529796156955838017e-02
1.485587451832659153e-02
1.441722466983680687e-02
1.398247136476830216e-02
1.355205267318061735e-02
1.312638492232249578e-02
1.270586230854565263e-02
1.229085659219970872e-02
1.188171687405031873e-02
1.147876945144656914e-02
1.108231775216713365e-02
1.069264234359873673e-02
1.031000101464582541e-02
9.934628927538073292e-03
9.566738836492585246e-03
9.206521370001271437e-03
8.854145373350753856e-03
8.509758307842592642e-03
8.173486703065420758e-03
7.845436658477689812e-03
7.525694390489630521e-03
7.214326821185304724e-03
6.911382204799840050e-03
6.616890788061969252e-03
6.330865500527521963e-03
6.053302671064228480e-03
5.784182766701258596e-03
5.523471150127317111e-03
5.271118852207536294e-03
5.027063355990840123e-03
4.791229388794552256e-03
4.563529719080579132e-03
4.343865954976202856e-03
4.132129341441089822e-03
3.928201553239258313e-03
3.731955481039156766e-03
3.543256008135375456e-03
3.361960775460681988e-03
3.187920932735685466e-03
3.020981873784413588e-03
2.860983954226232855e-03
2.707763189936754876e-03
2.561151934851643806e-03
2.420979536866536223e-03
2.287072970762713941e-03
2.159257447260863258e-03
2.037356997473381386e-03
1.921195032188579167e-03
1.810594875577057911e-03
1.705380273060945646e-03
1.605375873230031284e-03
1.510407683824672520e-03
1.420303501933280026e-03
1.334893318671872718e-03
1.254009698724392087e-03
1.177488135224948398e-03
1.105167380556809588e-03
1.036889753727629178e-03
9.725014250561227506e-04
9.118526789721361067e-04
8.547981557898667220e-04
8.011970733629975548e-04
7.509134295708156303e-04
7.038161866161895272e-04
6.597794381397724959e-04
6.186825601702109542e-04
5.804103469377367396e-04
5.448531325785755958e-04
5.119068997504179572e-04
4.814733761650916459e-04
4.534601200238638254e-04
4.277805953138395117e-04
4.043542378910558650e-04
3.831065132374537039e-04
3.639689667353033500e-04
3.468792672542439872e-04
3.317812447932207013e-04
3.186249228626573775e-04
3.073665462315446940e-04
2.979686046001362495e-04
2.903998526919905252e-04
2.846353271895560896e-04
2.806563608657320491e-04
2.784505941902235731e-04
2.780119846144174967e-04
2.793408136622965482e-04
2.824436918779635102e-04
2.873335616030280471e-04
2.940296974797852042e-04
3.025577044991694612e-04
3.129495133362620359e-04
3.252433726410498154e-04
3.394838378785552360e-04
3.557217562407590113e-04
3.740142470833130524e-04
3.944246772732657260e-04
4.170226307702991852e-04
4.418838717036916081e-04
4.690903001507641299e-04
4.987298997703512723e-04
5.308966763972356329e-04
5.656905866609114597e-04
6.032174556548777289e-04
6.435888826512987894e-04
6.869221338306920463e-04
7.333400209776800649e-04
7.829707650821444683e-04
8.359478437806904709e-04
8.924098215765099897e-04
9.525001617868286219e-04
1.016367019186442807e-03
1.084163012343647122e-03
1.156044974681382214e-03
1.232173683341875742e-03
1.312713564987618179e-03
1.397832377735284785e-03
1.487700868492325803e-03
1.582492405048410190e-03
1.682382582365716042e-03
1.787548802613150986e-03
1.898169828599845102e-03
2.014425310382492087e-03
2.136495284949069522e-03
2.264559649017863947e-03
2.398797605135145807e-03
2.539387081406851467e-03
2.686504125358726586e-03
2.840322272584927445e-03
3.001011891016479825e-03
3.168739501817425998e-03
3.343667078097225555e-03
3.525951322812093721e-03
3.715742927414524693e-03
3.913185812998260307e-03
4.118416355874343626e-03
4.331562599701532096e-03
4.552743456480040120e-03
4.782067898900121961e-03
5.019634146715143755e-03
5.265528849981198495e-03
5.519826272170683806e-03
5.782587476324302540e-03
6.053859517553157425e-03
6.333674645338892642e-03
6.622049519203582549e-03
6.918984441431161141e-03
7.224462610617285972e-03
7.538449399903312739e-03
7.860891663811474597e-03
8.191717077641175876e-03
8.530833513409495292e-03
8.878128456321661768e-03
9.233468465738383507e-03
9.596698684565894283e-03
9.967642400930700614e-03
1.034610066591364237e-02
1.073185197100689700e-02
1.112465198882244162e-02
1.152423338042128133e-02
1.193030567244954959e-02
1.234255520706049533e-02
1.276064516737089247e-02
1.318421568094702186e-02
1.361288400353985635e-02
1.404624478499232922e-02
1.448387041892458017e-02
1.492531147746727245e-02
1.537009723195958272e-02
1.581773626015917089e-02
1.626771714012778883e-02
1.671950923056018251e-02
1.717256353691764409e-02
1.762631366231286190e-02
1.808017684167216241e-02
1.853355505727693683e-02
1.898583623336050005e-02
1.943639550701241683e-02
1.988459657222196170e-02
2.032979309347821700e-02
2.077133018493955777e-02
2.120854595079186417e-02
2.164077308203581421e-02
2.206734050458133284e-02
2.248757507318449589e-02
2.290080330544103093e-02
2.330635314975347885e-02
2.370355578091860871e-02
2.409174741673920234e-02
2.447027114885267154e-02
2.483847878078915272e-02
2.519573266612583698e-02
2.554140753949351098e-02
2.587489233311686052e-02
2.619559197153302141e-02
2.650292913713388210e-02
2.679634599921720470e-02
2.707530589931007522e-02
2.733929498564546812e-02
2.758782378982857150e-02
2.782042873892353468e-02
2.803667359642258300e-02
2.823615082582708186e-02
2.841848287087288261e-02
2.858332334676851397e-02
2.873035813718301940e-02
2.885930639211821067e-02
