2.639233934436380213e-02
2.646202430817829257e-02
2.651757744119271482e-02
2.655891069288904976e-02
2.658595888839380625e-02
2.659867989974897332e-02
2.659705475522689683e-02
2.658108768629176971e-02
2.655080611204558086e-02
2.650626056123211310e-02
2.644752453210804863e-02
2.637469429072395247e-02
2.628788860838913999e-02
2.618724843932165869e-02
2.607293653970709987e-02
2.594513702960631746e-02
2.580405489936174121e-02
2.564991546235327949e-02
2.548296375614758635e-02
2.530346389426713777e-02
2.511169837097777108e-02
2.490796732165420288e-02
2.469258774143159516e-02
2.446589266498742574e-02
2.422823031042052253e-02
2.397996319030313087e-02
2.372146719307667920e-02
2.345313063804235418e-02
2.317535330726307533e-02
2.288854545774430399e-02
2.259312681729690533e-02
2.228952556750605704e-02
2.197817731723617635e-02
2.165952407009306274e-02
2.133401318924118759e-02
2.100209636293663695e-02
2.066422857408505703e-02
2.032086707706923581e-02
1.997247038501384284e-02
1.961949727056495549e-02
1.926240578316096297e-02
1.890165228565915401e-02
1.853769051306001364e-02
1.817097065593940505e-02
1.780193847105839694e-02
1.743103442147239321e-02
1.705869284830597438e-02
1.668534117619882920e-02
1.631139915426186790e-02
1.593727813421212322e-02
1.556338038718119501e-02
1.519009846051586239e-02
1.481781457571175117e-02
1.444690006844264081e-02
1.407771487146994120e-02
1.371060704103993499e-02
1.334591232720135773e-02
1.298395378830364058e-02
1.262504144976729983e-02
1.226947200705339261e-02
1.191752857259923033e-02
1.156948046633334871e-02
1.122558304923461196e-02
1.088607759925888652e-02
1.055119122882237047e-02
1.022113684290390685e-02
9.896113136709735331e-03
9.576304631733626241e-03
9.261881748943257692e-03
8.953000917730486244e-03
8.649804719178817713e-03
8.352422062126057742e-03
8.060968390433981973e-03
7.775545919819747305e-03
7.496243902555745943e-03
7.223138918305608246e-03
6.956295189333819816e-03
6.695764918304944122e-03
6.441588646875363866e-03
6.193795633275584953e-03
5.952404247084215616e-03
5.717422379405335923e-03
5.488847866678850905e-03
5.266668926378150796e-03
5.050864602880555769e-03
4.841405221833219343e-03
4.638252851379983700e-03
4.441361768662577605e-03
4.250678930062171297e-03
4.066144443704093267e-03
3.887692042809060434e-03
3.715249558538019550e-03
3.548739391044274626e-03
3.388078977515383838e-03
3.233181256057991552e-03
3.083955124350781611e-03
2.940305892063674494e-03
2.802135726114836963e-03
2.669344087910527959e-03
2.541828161785953874e-03
2.419483273937702867e-03
2.302203301209609400e-03
2.189881069163757479e-03
2.082408738936386040e-03
1.979678182444444875e-03
1.881581345572190230e-03
1.788010599028204027e-03
1.698859076621408700e-03
1.614021000759759865e-03
1.533391995027197406e-03
1.456869383742942763e-03
1.384352478452230894e-03
1.315742851338933331e-03
1.250944595588224717e-03
1.189864572761356251e-03
1.132412647274757839e-03
1.078501908102023421e-03
1.028048877839915064e-03
9.809737092983396821e-04
9.372003697893870576e-04
8.966568133020507217e-04
8.592751407572584441e-04
8.249917485424558463e-04
7.937474655263299702e-04
7.654876787524840390e-04
7.401624480061477426e-04
7.177266094404963518e-04
6.981398684390620552e-04
6.813668818782415287e-04
6.673773299392648508e-04
6.561459776023984610e-04
6.476527259378612273e-04
6.418826532881682229e-04
6.388260464156277421e-04
6.384784216667676324e-04
6.408405361828025271e-04
6.459183891621469433e-04
6.537232131576814357e-04
6.642714553682713260e-04
6.775847488611617302e-04
6.936898736396192441e-04
7.126187074487939227e-04
7.344081661925141568e-04
7.591001338148402507e-04
7.867413814829450408e-04
8.173834758924975862e-04
8.510826765034365700e-04
8.878998215030478158e-04
9.279002022848269670e-04
9.711534262259083989e-04
1.017733267543070429e-03
1.067717506007645218e-03
1.121187753303254462e-03
1.178229266817268405e-03
1.238930750667411543e-03
1.303384143779081836e-03
1.371684394846840087e-03
1.443929224035196256e-03
1.520218871299346304e-03
1.600655831235899646e-03
1.685344574406909919e-03
1.774391255117634862e-03
1.867903405669387156e-03
1.965989617153500631e-03
2.068759206900757687e-03
2.176321872752461604e-03
2.288787334374557583e-03
2.406264961894638565e-03
2.528863392203108650e-03
2.656690133323993952e-03
2.789851157327665528e-03
2.928450482326744927e-03
3.072589744167443515e-03
3.222367758501222187e-03
3.377880073995547742e-03
3.539218517517355150e-03
3.706470732198205182e-03
3.879719709365584291e-03
4.059043315400005618e-03
4.244513814651983130e-03
4.436197389626207396e-03
4.634153659711801911e-03
4.838435199806978559e-03
5.049087060253161681e-03
5.266146289557374800e-03
5.489641461441673032e-03
5.719592207814398407e-03
5.956008759309394489e-03
6.198891495085581682e-03
6.448230503620091050e-03
6.704005156262889641e-03
6.966183695349168793e-03
7.234722838687259253e-03
7.509567402254052094e-03
7.790649942936518114e-03
8.077890423156578251e-03
8.371195899206951632e-03
8.670460235107431413e-03
8.975563843764142527e-03
9.286373457178366889e-03
9.602741927406524547e-03
9.924508059918634578e-03
1.025149648093899579e-02
1.058351754028005569e-02
1.092036725109828306e-02
1.126182726790969646e-02
1.160766490410240943e-02
1.195763319007462147e-02
1.231147097300888150e-02
1.266890305916775275e-02
1.302964039946241312e-02
1.339338031890478613e-02
1.375980679040584610e-02
1.412859075322849857e-02
1.449939047624332518e-02
1.487185196597023105e-02
1.524560941921926198e-02
1.562028571997031538e-02
1.599549297995496444e-02
1.637083312222479409e-02
1.674589850681054010e-02
1.712027259739563878e-02
1.749353066774740964e-02
1.786524054647007156e-02
1.823496339846679415e-02
1.860225454132419243e-02
1.896666429466278142e-02
1.932773886033204228e-02
1.968502123116955271e-02
2.003805212589142640e-02
2.038637094753646684e-02
2.072951676275026217e-02
2.106702929906847932e-02
2.139844995724170598e-02
2.172332283553826335e-02
2.204119576286686297e-02
2.235162133747872759e-02
2.265415796793927156e-02
2.294837091300332144e-02
2.323383331698538126e-02
2.351012723718836142e-02
2.377684465994035073e-02
2.403358850179029491e-02
2.427997359242940745e-02
2.451562763593614219e-02
2.474019214698893951e-02
2.495332335875189919e-02
2.515469309921477409e-02
2.534398963285915130e-02
2.552091846462777730e-02
2.568520310329289527e-02
2.583658578145180823e-02
2.597482812952316145e-02
2.609971180127508908e-02
2.621103904858555420e-02
2.630863324331528946e-02
