2.439954458728771022e-02
2.445464467359537500e-02
2.449859174998537253e-02
2.453132622959584147e-02
2.455280392309356491e-02
2.456299613798708717e-02
2.456188974241950776e-02
2.454948719324176465e-02
2.452580652828217911e-02
2.449088132284355304e-02
2.444476061057413233e-02
2.438750876897359532e-02
2.431920536990858639e-02
2.423994499562420746e-02
2.414983702084792100e-02
2.404900536168965916e-02
2.393758819214648198e-02
2.381573762912131062e-02
2.368361938696280158e-02
2.354141240262668314e-02
2.338930843264779361e-02
2.322751162319612594e-02
2.305623805456908162e-02
2.287571526154558166e-02
2.268618173109553798e-02
2.248788637899994461e-02
2.228108800699264355e-02
2.206605474208414575e-02
2.184306345977078331e-02
2.161239919286888148e-02
2.137435452774315639e-02
2.112922898972160318e-02
2.087732841950516033e-02
2.061896434238997058e-02
2.035445333212275096e-02
2.008411637120572843e-02
1.980827820945737713e-02
1.952726672261800508e-02
1.924141227276632976e-02
1.895104707228389279e-02
1.865650455306891442e-02
1.835811874266071383e-02
1.805622364888941761e-02
1.775115265461459438e-02
1.744323792406026960e-02
1.713280982219326024e-02
1.682019634852685228e-02
1.650572258666328784e-02
1.618971017081637445e-02
1.587247677048009981e-02
1.555433559433122906e-02
1.523559491437322458e-02
1.491655761124638553e-02
1.459752074154490459e-02
1.427877512789611260e-02
1.396060497247082234e-02
1.364328749450681791e-02
1.332709259234050002e-02
1.301228253035489023e-02
1.269911165116588414e-02
1.238782611328323457e-02
1.207866365439860985e-02
1.177185338037035033e-02
1.146761557989371336e-02
1.116616156476668564e-02
1.086769353558503584e-02
1.057240447262652698e-02
1.028047805161329091e-02
9.992088583973509838e-03
9.707400981158879547e-03
9.426570742513134746e-03
9.149743966129216671e-03
8.877057382078704442e-03
8.608638407346835136e-03
8.344605221760174191e-03
8.085066864151509158e-03
7.830123347968126132e-03
7.579865795495135776e-03
7.334376589835093184e-03
7.093729543758637082e-03
6.857990084518347622e-03
6.627215453699369409e-03
6.401454921165527535e-03
6.180750012148558681e-03
5.965134746520630443e-03
5.754635889286385114e-03
5.549273211330197665e-03
5.349059759457050825e-03
5.154002134771223237e-03
4.964100778445778260e-03
4.779350263947318780e-03
4.599739594794641749e-03
4.425252506946450275e-03
4.255867774932054273e-03
4.091559520859813434e-03
3.932297525460725675e-03
3.778047540348909803e-03
3.628771600706457053e-03
3.484428337627229911e-03
3.344973289382251018e-03
3.210359210898369817e-03
3.080536380771576200e-03
2.955452905166575280e-03
2.835055017984805872e-03
2.719287376713857944e-03
2.608093353402003971e-03
2.501415320232225608e-03
2.399194929200478606e-03
2.301373385432899359e-03
2.207891713706082101e-03
2.118691017763337046e-03
2.033712732047829059e-03
1.952898865500699759e-03
1.876192237098478054e-03
1.803536702829317429e-03
1.734877373831765143e-03
1.670160825442803696e-03
1.609335296923786488e-03
1.552350881653608928e-03
1.499159707597945207e-03
1.449716107881693144e-03
1.403976781308867352e-03
1.361900942690100116e-03
1.323450462852666671e-03
1.288589998221589296e-03
1.257287109872929709e-03
1.229512371971907799e-03
1.205239469519040277e-03
1.184445285337163952e-03
1.167109976241037820e-03
1.153217038339314580e-03
1.142753361426116507e-03
1.135709272426314300e-03
1.132078567865024438e-03
1.131858535337872465e-03
1.135049963964339078e-03
1.141657143812122282e-03
1.151687854285994789e-03
1.165153341480245058e-03
1.182068284499548146e-03
1.202450750759134204e-03
1.226322140281509675e-03
1.253707119013836718e-03
1.284633541197496192e-03
1.319132360829421450e-03
1.357237532263623654e-03
1.398985900010959365e-03
1.444417077805758504e-03
1.493573317019456035e-03
1.546499364513944860e-03
1.603242310041034461e-03
1.663851423309219537e-03
1.728377980854949253e-03
1.796875082872799413e-03
1.869397460177379131e-03
1.946001271489487946e-03
2.026743891259928394e-03
2.111683688266531925e-03
2.200879795243273779e-03
2.294391869824847791e-03
2.392279847115694191e-03
2.494603684219131191e-03
2.601423097089910607e-03
2.712797290102090652e-03
2.828784678753497837e-03
2.949442605958156084e-03
3.074827052408769627e-03
3.204992341522517121e-03
3.339990839514937748e-03
3.479872651178420387e-03
3.624685311973570561e-03
3.774473477073379910e-03
3.929278608031511882e-03
4.089138657776923182e-03
4.254087754667322703e-03
4.424155886363438303e-03
4.599368584314480861e-03
4.779746609672444121e-03
4.965305641478704943e-03
5.156055967990590128e-03
5.352002182038037223e-03
5.553142881320850127e-03
5.759470374575335200e-03
5.970970394554880878e-03
6.187621818782400307e-03
6.409396399042991722e-03
6.636258500592818847e-03
6.868164852064691760e-03
7.105064307052066409e-03
7.346897618351035109e-03
7.593597225834202574e-03
7.845087058920965917e-03
8.101282354595666646e-03
8.362089491908062527e-03
8.627405843869714874e-03
8.897119647634966697e-03
9.171109893826299639e-03
9.449246235830800755e-03
9.731388919857508410e-03
1.001738873650424161e-02
1.030708699453738823e-02
1.060031551753910957e-02
1.089689666402341231e-02
1.119664337156581375e-02
1.149935922543090898e-02
1.180483855211825021e-02
1.211286653817963445e-02
1.242321937459044817e-02
1.273566442688430118e-02
1.304996043118395593e-02
1.336585771618293422e-02
1.368309845105122186e-02
1.400141691915561190e-02
1.432053981740066470e-02
1.464018658091038178e-02
1.496006973268370656e-02
1.527989525776937869e-02
1.559936300141767478e-02
1.591816709057861795e-02
1.623599637802867340e-02
1.655253490832118979e-02
1.686746240467005761e-02
1.718045477579211236e-02
1.749118464165133613e-02
1.779932187696822710e-02
1.810453417128014483e-02
1.840648760426440503e-02
1.870484723496493654e-02
1.899927770349628744e-02
1.928944384373569229e-02
1.957501130545551832e-02
1.985564718429443792e-02
2.013102065791710221e-02
2.040080362666857675e-02
2.066467135699203220e-02
2.092230312584628799e-02
2.117338286433377223e-02
2.141759979872984512e-02
2.165464908709122116e-02
2.188423244961442207e-02
2.210605879091511253e-02
2.231984481240593954e-02
2.252531561296374635e-02
2.272220527609741456e-02
2.291025744185450075e-02
2.308922586173855693e-02
2.325887493494947084e-02
2.341898022430601370e-02
2.356932895026322278e-02
2.370972046149666737e-02
2.383996668059145535e-02
2.395989252344503384e-02
2.406933629106998429e-02
2.416815003256512356e-02
2.425619987811040643e-02
2.433336634093298534e-02
