2.279936051192034061e-02
2.284433462884536206e-02
2.288021815597257938e-02
2.290696855642570390e-02
2.292455424017942819e-02
2.293295462594556119e-02
2.293216018110880508e-02
2.292217243960242151e-02
2.290300399767626616e-02
2.287467848757206157e-02
2.283723052918313484e-02
2.279070565983785587e-02
2.273516024240745947e-02
2.267066135199994129e-02
2.259728664156136421e-02
2.251512418676464983e-02
2.242427231062339710e-02
2.232483938832382012e-02
2.221694363282207887e-02
2.210071286180622513e-02
2.197628424667196628e-02
2.184380404420908570e-02
2.170342731174047801e-02
2.155531760649847736e-02
2.139964667006285723e-02
2.123659409872194134e-02
2.106634700065228294e-02
2.088909964084324777e-02
2.070505307472064738e-02
2.051441477144807721e-02
2.031739822790584737e-02
2.011422257436528555e-02
1.990511217289068005e-02
1.969029620951220569e-02
1.947000828122099139e-02
1.924448597884156550e-02
1.901397046683810446e-02
1.877870606110823917e-02
1.853893980581261536e-02
1.829492105027938700e-02
1.804690102701066862e-02
1.779513243180278620e-02
1.753986900697404594e-02
1.728136512867244415e-02
1.701987539921213238e-02
1.675565424536079248e-02
1.648895552347107510e-02
1.622003213231789850e-02
1.594913563446982360e-02
1.567651588698685053e-02
1.540242068219962145e-02
1.512709539928543644e-02
1.485078266731566440e-02
1.457372204040674815e-02
1.429614968556340744e-02
1.401829808375796953e-02
1.374039574474422709e-02
1.346266693605799834e-02
1.318533142660971262e-02
1.290860424522721761e-02
1.263269545445966022e-02
1.235780993990589528e-02
1.208414721528367798e-02
1.181190124340891594e-02
1.154126027320776134e-02
1.127240669283852657e-02
1.100551689895516196e-02
1.074076118209984360e-02
1.047830362816897301e-02
1.021830203585473613e-02
9.960907849923568771e-03
9.706266110153318610e-03
9.454515415712837559e-03
9.205787904731279475e-03
8.960209248769380325e-03
8.717898661871904473e-03
8.478968923848907019e-03
8.243526417403853820e-03
8.011671178698895682e-03
7.783496960921574941e-03
7.559091310393429262e-03
7.338535654738757331e-03
7.121905402611803694e-03
6.909270054462420159e-03
6.700693323804075320e-03
6.496233268433756688e-03
6.295942431040977769e-03
6.099867988632555298e-03
5.908051910191175135e-03
5.720531121978922676e-03
5.537337679891837089e-03
5.358498948268153837e-03
5.184037784551157393e-03
5.013972729207416892e-03
4.848318200302533139e-03
4.687084692139349522e-03
4.530278977367791296e-03
4.377904311981029722e-03
4.229960642619391351e-03
4.086444815611405511e-03
3.947350787190343803e-03
3.812669834334622525e-03
3.682390765691412413e-03
3.556500132054536776e-03
3.434982435880357034e-03
3.317820339338564597e-03
3.204994870408725636e-03
3.096485626547841336e-03
2.992270975469133853e-03
2.892328252587614452e-03
2.796633954703683922e-03
2.705163929512022485e-03
2.617893560539261318e-03
2.534797947130330853e-03
2.455852079119959404e-03
2.381031005842406886e-03
2.310309999149221232e-03
2.243664710121500479e-03
2.181071319179801651e-03
2.122506679311462682e-03
2.067948452151636887e-03
2.017375236670774629e-03
1.970766690237605451e-03
1.928103641842860132e-03
1.889368197285028151e-03
1.854543836135343635e-03
1.823615500314950495e-03
1.796569674132819693e-03
1.773394455648453832e-03
1.754079619238763533e-03
1.738616669263716398e-03
1.726998884740464472e-03
1.719221354950681421e-03
1.715281005920763803e-03
1.715176617729441931e-03
1.718908832612168341e-03
1.726480153846480766e-03
1.737894935417343221e-03
1.753159362476310263e-03
1.772281422623238172e-03
1.795270868054209094e-03
1.822139168634358394e-03
1.852899455969415085e-03
1.887566458565011077e-03
1.926156428178184580e-03
1.968687057481021893e-03
2.015177389172061271e-03
2.065647716686908920e-03
2.120119476675540356e-03
2.178615133429933400e-03
2.241158055462023901e-03
2.307772384448501281e-03
2.378482896775633258e-03
2.453314857934113784e-03
2.532293870030895983e-03
2.615445712702009484e-03
2.702796177727505821e-03
2.794370897666867935e-03
2.890195168850435287e-03
2.990293769079586678e-03
3.094690770405573738e-03
3.203409347373923407e-03
3.316471581138217932e-03
3.433898259863741968e-03
3.555708675857882986e-03
3.681920419880285039e-03
3.812549173101426568e-03
3.947608497193559780e-03
4.087109623052655703e-03
4.231061238664107944e-03
4.379469276638416585e-03
4.532336701955739719e-03
4.689663300470095150e-03
4.851445468734924375e-03
5.017676005721742952e-03
5.188343907012473583e-03
5.363434162053843691e-03
5.542927555068770037e-03
5.726800470224885711e-03
5.915024701664225483e-03
6.107567269000523623e-03
6.304390238891445682e-03
6.505450553292395702e-03
6.710699864996209733e-03
6.920084381058975130e-03
7.133544714706413319e-03
7.351015746307617942e-03
7.572426493993477357e-03
7.797699994485686459e-03
8.026753194688991677e-03
8.259496854584007577e-03
8.495835461940718508e-03
8.735667159353612682e-03
8.978883684078137889e-03
9.225370321125058934e-03
9.475005870044166806e-03
9.727662625801719240e-03
9.983206374127032851e-03
1.024149640167288516e-02
1.050238552130165932e-02
1.076572011277491386e-02
1.103134017908787533e-02
1.129907941865278612e-02
1.156876531349582647e-02
1.184021923359171793e-02
1.211325655741822029e-02
1.238768680876961917e-02
1.266331380982405400e-02
1.293993585041441560e-02
1.321734587340655034e-02
1.349533167604182078e-02
1.377367612705387642e-02
1.405215739932197914e-02
1.433054921777533047e-02
1.460862112221512042e-02
1.488613874467318438e-02
1.516286410087879129e-02
1.543855589535808939e-02
1.571296983964435082e-02
1.598585898303170674e-02
1.625697405526041819e-02
1.652606382047850167e-02
1.679287544178236294e-02
1.705715485559869751e-02
1.731864715513101519e-02
1.757709698205727616e-02
1.783224892563011268e-02
1.808384792829833762e-02
1.833163969693810125e-02
1.857537111875399646e-02
1.881479068088508233e-02
1.904964889272818193e-02
1.927969870997105206e-02
1.950469595931120931e-02
1.972439976282241991e-02
1.993857296092036921e-02
2.014698253287156363e-02
2.034940001378550065e-02
2.054560190702941699e-02
2.073537009100752393e-02
2.091849221925285579e-02
2.109476211278910052e-02
2.126398014373297174e-02
2.142595360912370739e-02
2.158049709398623950e-02
2.172743282265741233e-02
2.186659099743100756e-02
2.199781012360685697e-02
2.212093732006192512e-02
2.223582861449696635e-02
2.234234922255091266e-02
2.244037381001653952e-02
2.252978673743510907e-02
2.261048228639412488e-02
2.268236486690140483e-02
2.274534920525984882e-02
