2.147795799122246760e-02
2.151555858863479428e-02
2.154556719255626071e-02
2.156795215185372538e-02
2.158268993421324014e-02
2.158976516682135915e-02
2.158917066270795229e-02
2.158090743268558168e-02
2.156498468285684283e-02
2.154141979769746973e-02
2.151023830875926912e-02
2.147147384907329218e-02
2.142516809336945244e-02
2.137137068426445130e-02
2.131013914460501771e-02
2.124153877618781272e-02
2.116564254511126356e-02
2.108253095404752017e-02
2.099229190175482679e-02
2.089502053018157945e-02
2.079081905954340698e-02
2.067979661178328751e-02
2.056206902285221891e-02
2.043775864427405803e-02
2.030699413448284682e-02
2.016991024044408401e-02
2.002664757009301952e-02
1.987735235614297366e-02
1.972217621183497763e-02
1.956127587921659833e-02
1.939481297055254544e-02
1.922295370348262381e-02
1.904586863055376597e-02
1.886373236376211876e-02
1.867672329474857548e-02
1.848502331129671730e-02
1.828881751078571816e-02
1.808829391125264807e-02
1.788364316071846746e-02
1.767505824543013151e-02
1.746273419766750795e-02
1.724686780375830203e-02
1.702765731293691756e-02
1.680530214767428712e-02
1.658000261609495971e-02
1.635195962708568124e-02
1.612137440868582211e-02
1.588844823033479237e-02
1.565338212953489364e-02
1.541637664347007483e-02
1.517763154610171812e-02
1.493734559124210159e-02
1.469571626208458943e-02
1.445293952764688944e-02
1.420920960656018271e-02
1.396471873861242392e-02
1.371965696442882000e-02
1.347421191364666856e-02
1.322856860191504863e-02
1.298290923702294548e-02
1.273741303443183190e-02
1.249225604246097937e-02
1.224761097734569475e-02
1.200364706836051960e-02
1.176052991317114681e-02
1.151842134355058819e-02
1.127747930156697102e-02
1.103785772632239620e-02
1.079970645129459984e-02
1.056317111230580148e-02
1.032839306611615590e-02
1.009550931961283003e-02
9.864652469539703789e-03
9.635950652687477747e-03
9.409527506439301081e-03
9.185502139543093997e-03
8.963989112958663588e-03
8.745098430605332401e-03
8.528935539814428909e-03
8.315601341270403152e-03
8.105192208204771778e-03
7.897800014588505710e-03
7.693512172050810671e-03
7.492411675235750163e-03
7.294577155292573944e-03
7.100082941181185686e-03
6.908999128460779210e-03
6.721391655217368380e-03
6.537322384774737170e-03
6.356849194823177042e-03
6.180026072591369470e-03
6.006903215678796940e-03
5.837527138159166740e-03
5.671940781559530083e-03
5.510183630314977390e-03
5.352291831295046161e-03
5.198298316995217036e-03
5.048232931985165844e-03
4.902122562204578107e-03
4.759991266697545867e-03
4.621860411377584979e-03
4.487748804417272981e-03
4.357672832859300557e-03
4.231646600049356055e-03
4.109682063495658302e-03
3.991789172765166684e-03
3.877976007032341282e-03
3.768248911902978560e-03
3.662612635142864937e-03
3.561070460948902693e-03
3.463624342408835443e-03
3.370275031804744869e-03
3.281022208425074266e-03
3.195864603560020188e-03
3.114800122365664510e-03
3.037825962293225646e-03
2.964938727791198263e-03
2.896134540999931346e-03
2.831409148170343625e-03
2.770758021550916769e-03
2.714176456499902551e-03
2.661659663592711410e-03
2.613202855507765557e-03
2.568801328487625886e-03
2.528450538185973880e-03
2.492146169724963889e-03
2.459884201801588316e-03
2.431660964695979334e-03
2.407473192048990678e-03
2.387318066290952147e-03
2.371193257618135763e-03
2.359096956428232382e-03
2.351027899140963832e-03
2.346985387344853024e-03
2.346969300226136885e-03
2.350980100250785448e-03
2.359018832085643062e-03
2.371087114759729084e-03
2.387187127081802362e-03
2.407321586345329088e-03
2.431493720367031066e-03
2.459707232920182920e-03
2.491966262638774417e-03
2.528275335483570144e-03
2.568639310875902877e-03
2.613063321619792535e-03
2.661552707747618512e-03
2.714112944439101439e-03
2.770749564177726974e-03
2.831468073323005399e-03
2.896273863291009849e-03
2.965172116549519895e-03
3.038167707647766811e-03
3.115265099514203176e-03
3.196468235268898166e-03
3.281780425810044977e-03
3.371204233446665685e-03
3.464741351861833855e-03
3.562392482702639741e-03
3.664157209104606811e-03
3.770033866469359694e-03
3.880019410824966236e-03
3.994109285108508010e-03
4.112297283720092560e-03
4.234575415706570700e-03
4.360933766941741882e-03
4.491360361677723158e-03
4.625841023849371590e-03
4.764359238520230605e-03
4.906896013864293395e-03
5.053429744082984371e-03
5.203936073661037491e-03
5.358387763368467442e-03
5.516754558418462961e-03
5.679003059192776724e-03
5.845096594947071789e-03
6.014995100908574442e-03
6.188654999177342457e-03
6.366029083840426400e-03
6.547066410705140727e-03
6.731712192053586515e-03
6.919907696815421651e-03
7.111590156549670895e-03
7.306692677619080686e-03
7.505144159932137897e-03
7.706869222618389741e-03
7.911788136992118498e-03
8.119816767147724004e-03
8.330866518517370672e-03
8.544844294707556326e-03
8.761652462916312903e-03
8.981188828216619610e-03
9.203346616974588876e-03
9.428014469652766516e-03
9.655076443229793429e-03
9.884412023447494353e-03
1.011589614707543612e-02
1.034939923436099286e-02
1.058478723181013013e-02
1.082192166542043747e-02
1.106065970446358515e-02
1.130085423588916838e-02
1.154235394939618665e-02
1.178500343319199145e-02
1.202864328043169381e-02
1.227311020630359253e-02
1.251823717569853535e-02
1.276385354137303356e-02
1.300978519248769012e-02
1.325585471337411593e-02
1.350188155235495895e-02
1.374768220041329078e-02
1.399307037947919094e-02
1.423785724007319009e-02
1.448185156801843308e-02
1.472485999990584028e-02
1.496668724696954660e-02
1.520713632700343605e-02
1.544600880392373379e-02
1.568310503455752972e-02
1.591822442221282885e-02
1.615116567656240884e-02
1.638172707935137487e-02
1.660970675541704328e-02
1.683490294848969185e-02
1.705711430122387740e-02
1.727614013889240338e-02
1.749178075615902619e-02
1.770383770633112211e-02
1.791211409248056816e-02
1.811641485980937036e-02
1.831654708862674383e-02
1.851232028729606766e-02
1.870354668450363925e-02
1.889004152019644472e-02
1.907162333453323380e-02
1.924811425419211200e-02
1.941934027537864024e-02
1.958513154288105823e-02
1.974532262452382073e-02
1.989975278037707518e-02
2.004826622608787620e-02
2.019071238970922624e-02
2.032694616141506386e-02
2.045682813550298712e-02
2.058022484410234818e-02
2.069700898202261885e-02
2.080705962219605090e-02
2.091026242118949885e-02
2.100650981428258540e-02
2.109570119963329396e-02
2.117774311107760779e-02
2.125254937913642964e-02
2.132004127983136779e-02
2.138014767094009727e-02
2.143280511535279598e-02
